101
102
103
104
106
107
108
109
110
111
594
30322
25326
115
116
117
118
119
25321
121
25308
123
30319
125
126
25311
128
25305
130
131
132
133
134
135
136
137
138
139
25310
141
142
143
144
145
146
147
148
149
25312
151
25306
153
154
155
156
157
158
16343
160
161
162
163
164
165
25329
167
168
169
170
171
30373
173
174
25322
176
177
178
179
25315
181
182
183
184
185
186
187
30321
30372
190
30306
192
193
194
195
196
16347
198
199
200
201
202
203
204
205
206
207
208
209
210
211
212
214
25307
216
217
218
219
220
221
222
223
16339
225
226
25319
228
229
230
231
232
25317
234
235
236
596
238
239
240
30354
242
243
245
246
247
248
30320
250
251
25324
253
16346
30317
587
257
588
589
260
25313
262
25331
264
265
266
267
268
269
25328
271
272
273
274
275
276
277
278
279
280
281
282
283
284
285
286
287
288
289
290
25309
292
25323
294
295
296
593
298
299
300
301
302
303
304
305
306
307
308
25303
310
311
312
313
314
315
316
317
30371
319
320
321
322
323
324
30352
326
327
328
329
330
331
332
333
334
335
336
16344
30370
339
16349
16338
342
343
344
345
346

347
348
349
350
351
352
353
354
355
356
25304
359
360
361
362
363
364
365
366
367
368
25318
370
371
25314
373
374
375
376
377
378
379
380
381
382
383
384
385
386
387
388
30353
16345
391
392
25316
394
395
25320
397
398
399
401
402
30318
404
405
406
407
408
409
410
411
412
413
414
415
416
417
418
419
420
421
16348
423
424
425
426
427
428
429
25332
431
432
30323
434
435
436
437
438
439
440
441
442
443
444
445
446
447
448
449
450
451
452
453
454
455
456
457
458
459
460
461
462
463
464
465
466
25330
468
469
470
471
472
473
474
475
476
30305
478
479
480
481
482
30355
484
485
486
487
488
489
490
491
492
493
494
495
496
497
498
30304
500
501
502
504
505
506
507
508
509
510
511
512
513
592
515
516
517
518
519
520
521
522
523
524
525
526
527
528
529
530
531
25301
533
534
535
536
537
538
539
540
541
542
543
544
545
546
547
548
549
550
552
553
554
555
556
557
558
559
597
561
562
563
564
25325
566
567
568
569
570
571
572
573
574
575
576
577
578
579
580
25327
582
583
584
585
586
