20948
3163
3193
460
377
416
406
383
386
366
3030
3175
25314
220
424
283
25326
450
154
264
3110
3059
118
25307
25341
3012
295
300
336
25324
200
168
133
185
103
3081
30352
382
149
214
3020
156
119
285
439
425
469
350
107
247
265
3118
221
3044
3006
155
273
301
453
437
3041
3147
436
234
190
210
349
3067
3149
3075
196
157
3039
194
208
3094
274
278
302
3190
3111
251
239
3123
181
277
3048
257
229
354
3057
3079
3122
426
426
3180
25316
3096
145
164
3152
444
3063
3138
356
3034
25348
458
588
242
455
193
457
