3022
3023
3024
3053
3054
3055
3056
3057
3058
3059
3060
3061
3062
3063
3064
3065
3066
3067
3068
3069
3070
3071
3072
3073
3074
3075
3076
3077
3078
3079
3080
3081
3082
3083
3031
3084
3085
3086
3087
3088
3089
3090
3091
3092
3093
3095
3096
3097
3098
3099
3100
3101
3102
3103
3104
3105
3106
3107
3108
3109
3110
3111
3112
3113
3114
3115
3116
3117
3118
3119
3120
3121
3122
3123
3124
3126
3127
3128
3129
3130
3131
3132
3133
3134
3135
3136
3137
3138
3139
3140
3141
3142
3143
3144
3145
3146
3147
3148
3149
3150
3151
3152
3153
3154
3155
3156
3157
3158
3159
3160
3161
3162
3163
3164
3165
3166
3167
3169
3170
3171
3172
3173
3174
3175
3176
3177
3178
3179
3180
3181
3182
3183
101
102
103
104
105
3043
107
108
25362
110
111
594
30322
25326
115
3009
3035
118
119
3006
121
3014
123
25342
126
25311
128
25305
130
131
132
133
3199
137
138
139
3030
25310
141
142
143
25369
145
146
3038
148
149
3194
3045
153
154
155
156
157
158
3046
161
3197
163
164
3018
25329
3039
168
169
170
171
3036
173
174
25341
3034
3020
25365
179
25315
181
3001
183
25339
185
186
187
3044
30372
190
25343
3047
193
194
195
196
16347
198
25364
200
25370
25367
3198
204
3033
206
207
208
209
210
212
214
25307
216
217
218
3012
220
221
25344
16339
225
3013
25319
3190
229
230
231
232
25317
234
235
236
237
3004
239
25354
30354
242
25372
3029
25338
247
248
30320
250
251
25324
253
16346
30317
587
257
588
589
3040
25313
262
25331
264
265
266
25334
3042
269
25328
272
273
274
25352
276
277
278
279
280
281
3048
283
284
285
287
25347
289
290
25309
292
25323
294
295
296
593
298
299
300
301
302
303
304
305
306
307
308
25303
310
311
312
313
314
315
316
25353
3011
319
320
321
3010
323
324
30352
326
327
3003
330
331
25340
333
334
335
336
16344
30370
339
16349
341
342
343
25359
345
3028
346
99999
347
348
349
350
351
352
353
354
355
356
3195
3192
360
361
362
363
364
365
366
367
368
3041
370
371
373
374
375
376
377
378
379
380
381
382
383
384
385
386
387
388
25351
