20948
3130
3085
3196
459
362
428
385
3069
3095
3135
3083
111
25319
3121
123
25310
25369
25370
16345
128
126
314
326
3195
412
25328
331
171
204
212
30317
299
16349
158
25347
3199
232
319
110
25329
102
132
294
3040
143
183
142
206
187
347
351
3181
374
30370
330
235
292
16344
279
3177
3167
3136
3162
3164
3176
462
25365
138
25344
25344
378
3045
3103
409
3049
289
3043
3151
3150
3112
225
16339
3194
3105
3032
429
465
420
170
3146
3144
25303
3101
3061
324
3104
266
376
3004
236
3042
310
146
121
466
315
419
339
3134
3109
3100
3058
3084
3165
250
25338
3179
25331
3091
3158
3141
3071
447
284
3116
593
262
290
3160
3065
3129
30322
348
115
3114
217
218
333
276
589
253
341
3090
308
3124
3174
25320
