3006
3130
428
450
461
25326
3102
3196
300
25328
306
232
30372
30323
25336
404
25359
315
321
173
173
3087
3067
273
3069
168
206
451
25311
3187
287
415
207
264
25324
368
3144
3089
3149
345
247
3082
3064
3136
3164
3172
3088
382
355
25320
3049
442
350
380
364
3189
436
250
25353
3010
3018
200
326
349
397
465
388
409
312
25303
278
302
153
310
3058
25310
104
156
155
3044
25307
3128
3175
3055
3166
3063
3127
3073
3109
3132
3032
379
371
441
25343
401
3159
3150
3119
3179
3141
3078
353
3135
3099
313
25316
3056
3048
394
3031
3154
3117
209
118
3065
3107
589
3071
3184
3084
3177
3167
354
3110
3183
3111
3081
375
3105
253
3152
25317
253
3074
341
464
440
3062
3157
3180
435
25330
2477
