594
179
3095
25367
3197
356
3021
132
30352
3040
398
398
3112
237
386
295
460
3028
235
3092
3012
3162
3124
131
336
3178
30317
3191
410
25314
424
377
416
376
3066
110
133
283
146
210
163
281
138
3020
225
236
402
438
3142
274
25338
453
439
448
3041
378
432
3103
3147
3173
3054
3171
3060
3118
437
25358
3131
3140
25365
468
412
352
383
25372
346
272
361
319
137
426
170
429
314
296
196
284
3143
229
148
469
3014
154
126
218
111
30320
25331
3134
320
25319
25340
3017
3076
3188
3077
269
25323
16339
342
242
351
316
204
339
208
161
3003
3035
115
3033
30322
324
3106
3094
3113
3096
3022
3086
3204
145
3160
3145
262
239
3037
3075
3053
3039
3030
3158
434
308
348
456
3176
3185
374
3027
3151
446
3165
25329
3201
445
3168
3137
3195
3126
423
3138
333
25334
3155
3174
3061
405
