460
127
307
3199
217
3056
133
169
123
377
237
173
404
428
3191
416
424
3141
3078
3021
200
25367
3196
321
3029
459
300
128
3130
366
25341
3089
3144
3166
3120
468
360
16339
587
3040
25372
25343
304
315
232
374
16349
326
274
450
153
371
385
3063
212
195
277
25339
206
154
312
285
3068
361
3150
3126
25326
303
3151
3065
3106
415
247
25336
25303
346
589
25365
412
25330
370
3080
3214
3102
25358
320
209
121
230
25313
3190
25316
436
3201
3104
221
3137
3042
273
3004
279
253
3022
3095
119
401
3028
235
164
281
299
3020
3031
331
3117
3165
3154
3207
266
137
3048
339
257
25369
278
324
3108
3153
3066
3128
3180
3090
3129
3178
3119
3115
3084
3152
248
379
398
3177
3173
3171
3060
3172
456
3054
3107
3023
3132
3099
3127
3082
3161
3064
3087
3070
3170
3088
434
3063
131
356
187
25317
