3043
283
3069
269
302
3074
171
3085
363
3075
265
402
373
16345
3147
3103
3135
310
3010
368
25328
3138
3017
25323
170
457
204
323
168
168
294
395
451
276
3143
3136
3101
272
25353
3057
3159
3003
16346
207
364
3109
3073
3046
437
25360
426
342
30370
448
352
469
3033
3189
353
391
462
25307
3041
25319
386
3018
3211
115
30322
25310
25331
148
196
208
25332
104
108
3162
3105
3142
3001
3014
3124
354
3197
3045
3198
306
155
3044
387
107
3210
103
102
102
465
466
236
225
141
157
376
445
355
220
220
3213
25364
138
210
3036
163
190
161
3061
420
409
3077
3160
3100
3081
118
25340
3076
3072
3053
3181
3155
3169
3175
3086
3140
447
3157
446
3148
3024
3111
3055
3158
3062
3182
289
314
3091
444
3006
3113
3123
3123
130
25370
145
414
30354
3034
3200
194
218
181
25334
