20948
25339
25343
171
460
217
375
374
25369
3112
3021
461
450
110
169
336
25324
434
3211
3186
3147
3103
30370
424
237
198
3006
3040
3030
366
200
101
128
594
30352
319
3173
3172
3131
3083
3135
164
115
25364
3033
138
269
321
3060
207
25338
342
465
25340
16346
301
234
279
3208
25314
25328
330
3042
310
361
3047
380
3153
102
274
323
373
16345
468
453
410
25358
469
448
386
587
395
451
3196
415
25320
3101
370
464
225
25341
376
429
3217
432
331
273
303
346
295
326
294
3029
3151
3105
153
3092
3065
179
445
248
391
25313
3018
253
3115
353
195
25310
265
3076
3077
190
350
3143
181
426
3090
3130
118
218
170
368
107
3069
3178
262
3086
3158
3128
3128
3134
208
25360
3140
3027
276
272
196
3189
214
3179
3150
3184
3126
3129
3064
3136
3167
413
216
163
220
444
462
435
3117
324
3071
3119
3139
3152
3180
3141
3098
3182
3157
3155
3059
3022
3201
3149
3163
414
3014
3183
3034
3104
401
3185
593
436
3075
3166
3127
30323
3210
441
341
3205
257
3205
