3118
3056
20948
466
206
212
168
3209
404
133
30322
3121
459
132
25352
416
16344
25372
25372
3195
3177
3054
3161
3171
123
362
345
428
3046
3032
354
289
239
232
25319
3190
419
25367
3120
102
3109
3106
320
30320
25331
3019
343
388
3031
437
363
402
442
439
439
3020
30317
315
236
277
302
3078
25307
299
3110
3124
3061
3096
3160
306
30372
186
179
148
25326
230
25370
379
300
3003
365
250
3089
3198
3107
3164
3088
287
251
3017
3138
142
130
155
3159
3159
3116
3116
131
3154
3053
3100
3165
3162
3082
3150
3184
3087
3111
3207
104
119
174
3043
304
229
405
3132
25332
3148
3142
3142
406
3123
3145
3216
455
3169
3181
3063
3055
3066
3074
3085
25309
3192
3200
307
307
242
185
458
25330
3035
145
